shared_common_words,wsb_word_count,ssb_word_count,total_word_count
moon,113,72,185
buy,71,92,163
just,67,63,130
like,64,34,98
hold,52,17,69
going,48,45,93
monday,47,26,73
short,43,16,59
let,41,29,70
market,40,53,93
make,38,21,59
don,36,27,63
money,33,25,58
new,33,52,85
right,28,20,48
know,27,25,52
think,26,44,70
time,26,44,70
bought,25,13,38
way,25,16,41
buying,24,18,42
people,24,16,40
good,24,38,62
got,24,17,41
holding,24,14,38
price,23,24,47
amp,22,31,53
yolo,22,17,39
help,21,15,36
today,21,40,61
guys,21,33,54
trading,20,31,51
big,18,33,51
2021,17,24,41
did,16,21,37
day,16,24,40
ve,15,14,29
long,14,15,29
news,14,16,30
dip,14,50,64
10,13,22,35
